# unix_time, cycles_done, cur_path, paths_total, pending_total, pending_favs, map_size, unique_crashes, unique_hangs, max_depth, execs_per_sec
1658210752, 0, 0, 1, 1, 1, 1.88%, 0, 0, 1, 1904.76
1658210758, 0, 0, 133, 133, 1, 3.10%, 0, 0, 2, 3885.66
1658210763, 0, 0, 139, 139, 1, 3.11%, 0, 0, 2, 4297.04
1658210768, 0, 0, 153, 153, 1, 3.13%, 0, 0, 2, 4401.57
1658210773, 0, 0, 242, 242, 1, 3.35%, 0, 0, 2, 4434.85
1658210778, 0, 3, 268, 267, 88, 3.41%, 0, 0, 2, 4521.53
1658210783, 0, 6, 268, 265, 87, 3.41%, 0, 0, 2, 4695.91
1658210788, 0, 8, 268, 264, 86, 3.41%, 0, 0, 2, 4480.66
1658210798, 0, 11, 268, 263, 85, 3.41%, 0, 0, 2, 4418.39
1658210813, 0, 11, 272, 267, 85, 3.41%, 0, 0, 3, 4425.77
1658210818, 0, 11, 283, 278, 85, 3.54%, 0, 0, 3, 4476.24
1658210823, 0, 12, 309, 303, 92, 3.55%, 0, 0, 3, 4499.34
1658210828, 0, 12, 316, 310, 92, 3.55%, 0, 0, 3, 4504.79
1658210834, 0, 12, 320, 314, 92, 3.55%, 0, 0, 3, 4510.96
1658210839, 0, 13, 321, 314, 92, 3.55%, 0, 0, 3, 4436.65
1658210849, 0, 17, 322, 314, 94, 3.55%, 0, 0, 3, 4385.22
1658210859, 0, 18, 323, 314, 93, 3.57%, 0, 0, 3, 4516.84
1658210864, 0, 20, 325, 315, 93, 3.57%, 0, 0, 3, 4481.35
1658210869, 0, 28, 326, 315, 92, 3.57%, 0, 0, 3, 4532.30
1658210874, 0, 42, 328, 316, 92, 3.57%, 0, 0, 3, 4465.40
1658210879, 0, 42, 329, 317, 92, 3.57%, 0, 0, 3, 4410.89
1658210889, 0, 51, 332, 319, 91, 3.59%, 0, 0, 3, 4418.89
1658210900, 0, 55, 336, 322, 91, 3.60%, 0, 0, 3, 4423.74
1658210905, 0, 55, 337, 323, 91, 3.61%, 0, 0, 3, 4427.90
1658210915, 0, 64, 338, 323, 91, 3.61%, 0, 0, 3, 4410.63
1658210930, 0, 65, 339, 323, 90, 3.61%, 0, 0, 3, 4425.22
1658210945, 0, 70, 345, 328, 89, 3.61%, 0, 0, 3, 4314.16
1658210950, 0, 70, 346, 329, 89, 3.61%, 0, 0, 3, 4250.26
1658210961, 0, 81, 348, 330, 90, 3.61%, 0, 0, 3, 4362.30
1658210976, 0, 91, 350, 331, 90, 3.61%, 0, 0, 3, 4437.64
1658210991, 0, 93, 351, 331, 89, 3.61%, 0, 0, 3, 4312.91
1658211001, 0, 94, 351, 330, 88, 3.61%, 0, 0, 3, 4349.72
1658211011, 0, 97, 356, 333, 86, 3.64%, 0, 0, 3, 4475.16
1658211027, 0, 112, 356, 332, 86, 3.64%, 0, 0, 3, 4525.68
1658211032, 0, 120, 358, 333, 86, 3.65%, 0, 0, 3, 4439.01
1658211042, 0, 125, 358, 332, 86, 3.65%, 0, 0, 3, 4404.11
1658211052, 0, 126, 359, 332, 84, 3.65%, 0, 0, 3, 4467.73
1658211063, 0, 126, 361, 334, 84, 3.65%, 0, 0, 3, 4409.51
1658211068, 0, 128, 366, 338, 85, 3.66%, 0, 0, 3, 4395.19
1658211078, 0, 128, 367, 339, 85, 3.66%, 0, 0, 3, 4423.87
1658211083, 0, 132, 368, 339, 87, 3.68%, 0, 0, 3, 4443.29
1658211093, 0, 134, 371, 341, 87, 3.68%, 0, 0, 3, 4456.82
1658211108, 0, 136, 371, 340, 86, 3.68%, 0, 0, 3, 4472.31
1658211118, 0, 138, 371, 339, 85, 3.68%, 0, 0, 3, 4618.07
1658211129, 0, 139, 371, 338, 84, 3.68%, 0, 0, 3, 4510.36
1658211134, 0, 149, 374, 340, 83, 3.72%, 0, 0, 3, 4599.69
1658211139, 0, 152, 374, 339, 85, 3.72%, 0, 0, 3, 4451.39
1658211149, 0, 159, 375, 339, 84, 3.72%, 0, 0, 3, 4390.28
1658211164, 0, 168, 377, 340, 84, 3.72%, 0, 0, 3, 4397.49
1658211180, 0, 170, 379, 341, 83, 3.72%, 0, 0, 3, 4408.74
1658211195, 0, 172, 380, 341, 83, 3.72%, 0, 0, 3, 4551.41
1658211200, 0, 183, 381, 340, 81, 3.72%, 0, 0, 3, 4517.57
1658211205, 0, 187, 383, 341, 80, 3.74%, 0, 0, 3, 4504.32
1658211210, 0, 197, 385, 341, 80, 3.74%, 0, 0, 3, 4559.91
1658211215, 0, 206, 385, 340, 79, 3.74%, 0, 0, 3, 4465.57
1658211226, 0, 210, 385, 338, 77, 3.74%, 0, 0, 3, 4403.26
1658211231, 0, 210, 397, 350, 77, 3.79%, 0, 0, 3, 4539.24
1658211236, 0, 218, 400, 351, 81, 3.80%, 0, 0, 3, 4592.47
1658211241, 0, 220, 404, 354, 80, 3.80%, 0, 0, 3, 4385.72
1658211246, 0, 221, 412, 361, 83, 3.86%, 0, 0, 3, 4306.89
1658211251, 0, 223, 412, 360, 82, 3.86%, 0, 0, 3, 4464.32
1658211256, 0, 240, 413, 359, 80, 3.86%, 0, 0, 3, 4555.67
1658211271, 0, 249, 415, 359, 80, 3.93%, 0, 0, 3, 4590.21
1658211276, 0, 265, 417, 360, 79, 3.93%, 0, 0, 3, 4479.36
1658211287, 0, 265, 418, 361, 79, 3.93%, 0, 0, 3, 4436.01
1658211292, 0, 267, 422, 364, 79, 3.93%, 0, 0, 3, 4367.78
1658211302, 0, 270, 425, 366, 78, 3.94%, 0, 0, 4, 4341.98
1658211317, 0, 272, 448, 388, 80, 4.29%, 0, 0, 4, 4511.66
1658211322, 0, 273, 459, 398, 92, 4.37%, 0, 0, 4, 4513.47
1658211327, 0, 273, 460, 399, 92, 4.38%, 0, 0, 4, 4531.04
1658211337, 0, 277, 461, 399, 92, 4.39%, 0, 0, 4, 4500.47
1658211352, 0, 281, 473, 410, 92, 4.40%, 0, 0, 4, 4291.13
1658211358, 0, 281, 477, 414, 92, 4.41%, 0, 0, 4, 4185.21
1658211363, 0, 281, 482, 419, 92, 4.41%, 0, 0, 4, 4341.27
1658211368, 0, 288, 484, 420, 95, 4.41%, 0, 0, 4, 4305.88
1658211383, 0, 292, 485, 420, 94, 4.41%, 0, 0, 4, 4466.92
1658211398, 0, 295, 487, 421, 93, 4.41%, 0, 0, 4, 4505.86
1658211408, 0, 296, 491, 424, 92, 4.43%, 0, 0, 4, 4520.62
1658211424, 0, 301, 492, 424, 94, 4.43%, 0, 0, 4, 4525.31
1658211439, 0, 304, 498, 429, 93, 4.46%, 0, 0, 4, 4497.47
1658211449, 0, 305, 498, 428, 97, 4.46%, 0, 0, 4, 4487.72
1658211454, 0, 305, 499, 429, 97, 4.49%, 0, 0, 4, 4498.53
1658211464, 0, 307, 502, 431, 97, 4.50%, 0, 0, 4, 4479.10
1658211474, 0, 307, 504, 433, 97, 4.50%, 0, 0, 4, 4477.56
1658211479, 0, 308, 504, 432, 97, 4.50%, 0, 0, 4, 4500.58
1658211489, 0, 309, 504, 431, 96, 4.50%, 0, 0, 4, 4498.23
1658211495, 0, 309, 505, 432, 96, 4.50%, 0, 0, 4, 4505.01
1658211505, 0, 313, 506, 432, 96, 4.50%, 0, 0, 4, 4577.44
1658211515, 0, 315, 506, 431, 96, 4.50%, 0, 0, 4, 4560.04
1658211520, 0, 315, 507, 432, 96, 4.50%, 0, 0, 4, 4542.14
1658211525, 0, 316, 507, 431, 96, 4.50%, 0, 0, 4, 4461.11
1658211541, 0, 317, 507, 430, 95, 4.50%, 0, 0, 4, 4299.36
1658211551, 0, 318, 507, 429, 94, 4.50%, 0, 0, 4, 4313.54
1658211566, 0, 320, 508, 429, 93, 4.50%, 0, 0, 4, 4436.26
1658211571, 0, 322, 510, 430, 92, 4.50%, 0, 0, 4, 4196.42
1658211576, 0, 324, 512, 430, 89, 4.51%, 0, 0, 4, 4107.02
1658211587, 0, 330, 518, 435, 88, 4.62%, 0, 0, 4, 4317.74
1658211602, 0, 331, 521, 437, 90, 4.63%, 0, 0, 4, 4354.17
1658211607, 0, 331, 522, 438, 90, 4.63%, 0, 0, 4, 4403.19
1658211612, 0, 332, 523, 438, 90, 4.63%, 0, 0, 4, 4480.45
1658211617, 0, 336, 526, 440, 88, 4.64%, 0, 0, 4, 4367.83
1658211632, 0, 347, 526, 439, 88, 4.64%, 0, 0, 4, 4508.87
1658211643, 0, 352, 527, 439, 87, 4.64%, 0, 0, 4, 4644.94
1658211648, 0, 354, 528, 439, 87, 4.65%, 0, 0, 4, 4928.85
1658211653, 0, 355, 530, 440, 87, 4.65%, 0, 0, 4, 4747.22
1658211668, 0, 362, 531, 440, 86, 4.65%, 0, 0, 4, 4398.26
1658211673, 0, 362, 532, 441, 86, 4.65%, 0, 0, 4, 4424.42
1658211684, 0, 363, 533, 441, 86, 4.65%, 0, 0, 4, 4406.02
1658211689, 0, 363, 534, 442, 86, 4.65%, 0, 0, 4, 4481.51
1658211699, 0, 365, 535, 442, 87, 4.65%, 0, 0, 4, 4440.40
1658211704, 0, 365, 536, 443, 87, 4.66%, 0, 0, 4, 4358.93
1658211714, 0, 371, 536, 442, 88, 4.66%, 0, 0, 4, 4380.36
1658211719, 0, 372, 537, 442, 88, 4.67%, 0, 0, 4, 4475.29
1658211724, 0, 373, 543, 447, 88, 4.71%, 0, 0, 4, 4299.60
1658211729, 0, 374, 544, 447, 89, 4.71%, 0, 0, 4, 4385.33
1658211744, 0, 376, 545, 447, 89, 4.71%, 0, 0, 4, 4416.83
1658211760, 0, 378, 545, 446, 88, 4.71%, 0, 0, 4, 4414.55
1658211775, 0, 382, 546, 445, 86, 4.71%, 0, 0, 4, 4535.68
1658211780, 0, 385, 548, 445, 85, 4.71%, 0, 0, 4, 4619.20
1658211785, 0, 386, 550, 446, 85, 4.71%, 0, 0, 4, 4635.76
1658211790, 0, 390, 554, 448, 84, 4.75%, 0, 0, 4, 4560.80
1658211795, 0, 391, 558, 451, 85, 4.77%, 0, 0, 4, 4545.43
1658211800, 0, 393, 558, 450, 84, 4.77%, 0, 0, 4, 4904.71
1658211805, 0, 394, 559, 450, 84, 4.78%, 0, 0, 4, 4730.21
1658211810, 0, 397, 562, 451, 82, 4.82%, 0, 0, 4, 4565.68
1658211815, 0, 400, 563, 450, 83, 4.82%, 0, 0, 4, 4289.91
1658211820, 0, 410, 565, 451, 82, 4.82%, 0, 0, 4, 4384.09
1658211826, 0, 411, 567, 452, 82, 4.82%, 0, 0, 4, 4284.25
1658211831, 0, 413, 572, 456, 81, 4.86%, 0, 0, 4, 4450.36
1658211836, 0, 414, 595, 478, 84, 5.00%, 0, 0, 4, 4481.93
1658211841, 0, 415, 604, 486, 98, 5.00%, 0, 0, 4, 4438.88
1658211856, 0, 419, 604, 485, 97, 5.00%, 0, 0, 4, 4576.33
1658211866, 0, 422, 604, 484, 96, 5.00%, 0, 0, 4, 4519.32
1658211881, 0, 424, 607, 486, 95, 5.00%, 0, 0, 5, 4412.35
1658211897, 0, 425, 610, 488, 95, 5.01%, 0, 0, 5, 4528.41
1658211902, 0, 428, 617, 494, 95, 5.02%, 0, 0, 5, 4558.53
1658211907, 0, 437, 632, 508, 94, 5.04%, 0, 0, 5, 4370.29
1658211912, 0, 437, 652, 528, 94, 5.07%, 0, 0, 5, 4300.30
1658211917, 0, 441, 659, 534, 101, 5.07%, 0, 0, 5, 4465.67
1658211922, 0, 446, 659, 533, 101, 5.07%, 0, 0, 5, 4799.56
1658211927, 0, 450, 664, 537, 100, 5.07%, 0, 0, 5, 4744.28
1658211932, 0, 452, 666, 538, 100, 5.07%, 0, 0, 5, 4662.47
1658211938, 0, 456, 667, 538, 100, 5.09%, 0, 0, 5, 4686.11
1658211943, 0, 459, 673, 543, 98, 5.10%, 0, 0, 5, 4529.61
1658211948, 0, 459, 674, 544, 98, 5.12%, 0, 0, 5, 4425.52
1658211958, 0, 460, 678, 547, 99, 5.12%, 0, 0, 5, 4428.09
1658211963, 0, 460, 680, 549, 99, 5.12%, 0, 0, 5, 4512.45
1658211978, 0, 464, 681, 549, 100, 5.12%, 0, 0, 5, 4175.65
1658211983, 0, 467, 681, 548, 99, 5.12%, 0, 0, 5, 4109.78
1658211988, 0, 472, 681, 547, 98, 5.12%, 0, 0, 5, 4125.12
1658211993, 0, 475, 682, 547, 97, 5.12%, 0, 0, 5, 4409.52
1658212004, 0, 483, 683, 547, 96, 5.12%, 0, 0, 5, 4127.45
1658212009, 0, 484, 683, 546, 95, 5.12%, 0, 0, 5, 4174.97
1658212029, 0, 486, 690, 552, 94, 5.14%, 0, 0, 5, 4515.76
1658212044, 0, 487, 692, 553, 97, 5.15%, 0, 0, 5, 4559.12
1658212060, 0, 488, 693, 553, 96, 5.15%, 0, 0, 5, 4521.79
1658212070, 0, 489, 694, 553, 96, 5.15%, 0, 0, 5, 4494.94
1658212075, 0, 489, 695, 554, 96, 5.15%, 0, 0, 5, 4523.94
1658212090, 0, 492, 695, 553, 95, 5.15%, 0, 0, 5, 4308.80
1658212100, 0, 493, 696, 553, 94, 5.15%, 0, 0, 5, 4352.97
1658212116, 0, 495, 697, 553, 93, 5.15%, 0, 0, 5, 4490.67
1658212121, 0, 495, 701, 557, 93, 5.16%, 0, 0, 5, 4492.33
1658212136, 0, 496, 701, 556, 95, 5.16%, 0, 0, 5, 4548.44
1658212151, 0, 497, 702, 556, 94, 5.16%, 0, 0, 5, 4514.02
1658212166, 0, 498, 707, 560, 93, 5.17%, 0, 0, 5, 4518.77
1658212171, 0, 498, 709, 562, 93, 5.17%, 0, 0, 5, 4571.90
1658212181, 0, 500, 713, 565, 98, 5.18%, 0, 0, 5, 4497.01
1658212197, 0, 502, 713, 564, 98, 5.18%, 0, 0, 5, 4336.00
1658212212, 0, 504, 714, 564, 97, 5.18%, 0, 0, 5, 4461.00
1658212217, 0, 504, 715, 565, 97, 5.18%, 0, 0, 5, 4508.73
1658212233, 0, 505, 716, 565, 97, 5.18%, 0, 0, 5, 4711.54
1658212243, 0, 506, 716, 564, 97, 5.18%, 0, 0, 5, 4582.56
1658212248, 0, 508, 716, 563, 96, 5.18%, 0, 0, 5, 4468.62
1658212258, 0, 509, 717, 563, 95, 5.18%, 0, 0, 5, 4153.25
1658212263, 0, 510, 717, 562, 94, 5.18%, 0, 0, 5, 4230.26
1658212268, 0, 511, 717, 561, 93, 5.18%, 0, 0, 5, 4281.54
1658212273, 0, 511, 719, 563, 93, 5.20%, 0, 0, 5, 4387.81
1658212279, 0, 513, 722, 565, 92, 5.20%, 0, 0, 5, 4312.71
1658212294, 0, 514, 723, 565, 92, 5.20%, 0, 0, 5, 4397.81
1658212304, 0, 518, 724, 565, 91, 5.20%, 0, 0, 5, 4271.16
1658212319, 0, 518, 732, 573, 91, 5.21%, 0, 0, 5, 4112.22
1658212324, 0, 520, 732, 572, 93, 5.21%, 0, 0, 5, 4421.72
1658212335, 0, 523, 734, 573, 92, 5.21%, 0, 0, 5, 4162.04
1658212345, 0, 524, 735, 573, 92, 5.21%, 0, 0, 5, 4213.32
1658212360, 0, 527, 737, 573, 90, 5.21%, 0, 0, 5, 4505.98
1658212365, 0, 530, 738, 573, 91, 5.22%, 0, 0, 5, 4566.82
1658212385, 0, 532, 738, 572, 90, 5.22%, 0, 0, 5, 4497.38
1658212400, 0, 533, 738, 571, 89, 5.22%, 0, 0, 5, 4422.37
1658212416, 0, 534, 738, 570, 88, 5.22%, 0, 0, 5, 4417.13
1658212431, 0, 537, 740, 570, 86, 5.22%, 0, 0, 5, 4426.46
1658212437, 0, 537, 749, 579, 86, 5.23%, 0, 0, 5, 4357.09
1658212442, 0, 541, 756, 584, 86, 5.24%, 0, 0, 5, 4304.36
1658212447, 0, 543, 758, 584, 86, 5.24%, 0, 0, 5, 4443.42
1658212462, 0, 547, 760, 585, 86, 5.24%, 0, 0, 5, 4567.49
1658212467, 0, 548, 762, 586, 85, 5.24%, 0, 0, 5, 4611.92
1658212472, 0, 551, 770, 593, 86, 5.27%, 0, 0, 5, 4546.45
1658212477, 0, 551, 773, 596, 86, 5.30%, 0, 0, 5, 4521.29
1658212482, 0, 555, 775, 596, 94, 5.30%, 0, 0, 5, 4505.46
1658212487, 0, 556, 778, 598, 96, 5.33%, 0, 0, 5, 4469.64
1658212492, 0, 558, 780, 599, 95, 5.33%, 0, 0, 5, 4711.14
1658212497, 0, 560, 781, 598, 95, 5.34%, 0, 0, 5, 4573.59
1658212503, 0, 561, 783, 599, 95, 5.35%, 0, 0, 5, 4451.07
1658212508, 0, 564, 784, 599, 96, 5.36%, 0, 0, 5, 4508.07
1658212513, 0, 573, 784, 597, 94, 5.36%, 0, 0, 5, 4591.43
1658212518, 0, 575, 784, 595, 92, 5.36%, 0, 0, 5, 4574.20
1658212523, 0, 578, 784, 592, 89, 5.36%, 0, 0, 5, 4541.27
1658212528, 0, 579, 786, 593, 88, 5.37%, 0, 0, 5, 4547.66
1658212533, 0, 581, 786, 592, 89, 5.37%, 0, 0, 5, 4912.25
1658212538, 0, 588, 790, 594, 89, 5.37%, 0, 0, 5, 4614.62
1658212543, 0, 590, 794, 597, 89, 5.37%, 0, 0, 5, 4523.14
1658212548, 0, 593, 798, 599, 88, 5.37%, 0, 0, 5, 4549.75
1658212553, 0, 593, 803, 604, 88, 5.38%, 0, 0, 5, 4506.36
1658212559, 0, 603, 809, 608, 88, 5.38%, 0, 0, 5, 4505.62
1658212569, 0, 605, 809, 607, 87, 5.38%, 0, 0, 5, 4522.37
1658212584, 0, 615, 811, 608, 86, 5.38%, 0, 0, 6, 3980.22
1658212589, 0, 617, 811, 607, 86, 5.38%, 0, 0, 6, 4085.22
1658212594, 0, 625, 814, 609, 86, 5.39%, 0, 0, 6, 4223.78
1658212599, 0, 628, 815, 609, 85, 5.39%, 0, 0, 6, 4340.39
1658212604, 0, 630, 820, 613, 84, 5.43%, 0, 0, 6, 4429.20
1658212609, 0, 633, 824, 616, 87, 5.44%, 0, 0, 6, 4506.12
1658212620, 0, 635, 824, 615, 86, 5.44%, 0, 0, 6, 4298.86
1658212625, 0, 639, 824, 614, 85, 5.44%, 0, 0, 6, 4164.33
1658212630, 0, 641, 825, 614, 84, 5.44%, 0, 0, 6, 4234.09
1658212635, 0, 642, 826, 614, 84, 5.45%, 0, 0, 6, 4355.43
1658212640, 0, 642, 830, 618, 84, 5.45%, 0, 0, 6, 4351.68
1658212646, 0, 642, 831, 619, 84, 5.45%, 0, 0, 6, 4367.77
1658212651, 0, 646, 831, 618, 85, 5.45%, 0, 0, 6, 4259.11
1658212656, 0, 655, 831, 617, 84, 5.45%, 0, 0, 6, 4324.58
1658212661, 0, 659, 833, 618, 83, 5.45%, 0, 0, 6, 4637.75
1658212666, 0, 669, 839, 623, 82, 5.45%, 0, 0, 6, 4396.41
1658212671, 0, 669, 840, 624, 82, 5.45%, 0, 0, 6, 4328.74
1658212681, 0, 673, 847, 630, 82, 5.46%, 0, 0, 6, 4181.42
1658212686, 0, 673, 848, 631, 82, 5.46%, 0, 0, 6, 3932.09
1658212691, 0, 676, 850, 632, 86, 5.46%, 0, 0, 6, 4307.76
1658212706, 0, 679, 850, 631, 86, 5.46%, 0, 0, 6, 4505.71
1658212712, 0, 679, 851, 632, 86, 5.46%, 0, 0, 6, 4577.17
1658212727, 0, 681, 851, 631, 86, 5.46%, 0, 0, 6, 4516.96
1658212732, 0, 685, 853, 632, 85, 5.46%, 0, 0, 6, 4515.01
1658212747, 0, 687, 854, 632, 85, 5.46%, 0, 0, 6, 4489.25
1658212762, 0, 688, 854, 631, 85, 5.46%, 0, 0, 6, 4488.06
1658212767, 0, 688, 858, 635, 85, 5.46%, 0, 0, 6, 4429.03
1658212783, 0, 689, 858, 634, 86, 5.46%, 0, 0, 6, 4485.15
1658212798, 0, 690, 859, 634, 85, 5.46%, 0, 0, 6, 4507.81
1658212813, 0, 692, 859, 633, 84, 5.46%, 0, 0, 6, 4541.03
1658212828, 0, 694, 862, 635, 83, 5.47%, 0, 0, 6, 4473.39
1658212833, 0, 694, 863, 636, 83, 5.47%, 0, 0, 6, 4503.98
1658212843, 0, 698, 866, 638, 85, 5.48%, 0, 0, 6, 4440.43
1658212859, 0, 698, 867, 639, 85, 5.48%, 0, 0, 6, 4331.08
1658212864, 0, 702, 868, 639, 85, 5.48%, 0, 0, 6, 4460.02
1658212879, 0, 704, 869, 639, 85, 5.48%, 0, 0, 6, 4516.41
1658212894, 0, 705, 870, 639, 84, 5.48%, 0, 0, 6, 4551.76
1658212899, 0, 705, 871, 640, 84, 5.48%, 0, 0, 6, 4515.47
1658212910, 0, 706, 873, 641, 84, 5.48%, 0, 0, 6, 4549.68
1658212925, 0, 707, 873, 640, 85, 5.48%, 0, 0, 6, 4534.02
1658212930, 0, 707, 874, 641, 85, 5.49%, 0, 0, 6, 4538.28
1658212940, 0, 707, 875, 642, 85, 5.49%, 0, 0, 6, 4520.70
1658212945, 0, 708, 877, 643, 86, 5.50%, 0, 0, 6, 4707.38
1658212956, 0, 709, 878, 643, 85, 5.50%, 0, 0, 6, 4650.22
1658212971, 0, 710, 878, 642, 84, 5.50%, 0, 0, 6, 4522.83
1658212986, 0, 712, 878, 641, 84, 5.50%, 0, 0, 6, 4297.38
1658212991, 0, 712, 893, 656, 84, 5.55%, 0, 0, 6, 4180.25
1658213001, 0, 712, 895, 658, 84, 5.55%, 0, 0, 6, 4202.35
1658213007, 0, 714, 899, 661, 86, 5.55%, 0, 0, 6, 4357.06
1658213022, 0, 715, 899, 660, 85, 5.55%, 0, 0, 6, 4514.60
1658213037, 0, 717, 905, 665, 84, 5.58%, 0, 0, 6, 4530.55
1658213042, 0, 717, 907, 667, 84, 5.58%, 0, 0, 6, 4425.57
1658213047, 0, 718, 908, 667, 87, 5.58%, 0, 0, 6, 4415.17
1658213052, 0, 720, 911, 669, 89, 5.62%, 0, 0, 6, 4307.23
1658213068, 0, 723, 911, 668, 88, 5.62%, 0, 0, 6, 4242.48
1658213083, 0, 728, 913, 669, 87, 5.70%, 0, 0, 6, 3978.20
1658213103, 0, 733, 914, 669, 87, 5.70%, 0, 0, 6, 3782.42
1658213113, 0, 733, 920, 675, 87, 5.70%, 0, 0, 6, 4302.74
1658213118, 0, 735, 921, 675, 86, 5.70%, 0, 0, 6, 4509.84
1658213123, 0, 736, 922, 675, 85, 5.70%, 0, 0, 6, 4726.78
1658213129, 0, 744, 928, 679, 87, 5.70%, 0, 0, 6, 4774.74
1658213134, 0, 745, 929, 679, 87, 5.70%, 0, 0, 6, 4673.96
1658213139, 0, 749, 931, 680, 86, 5.70%, 0, 0, 6, 4364.49
1658213144, 0, 753, 934, 681, 85, 5.70%, 0, 0, 6, 4233.03
1658213149, 0, 758, 934, 678, 82, 5.70%, 0, 0, 6, 4345.07
1658213164, 0, 760, 934, 677, 81, 5.70%, 0, 0, 6, 4610.89
1658213169, 0, 762, 934, 675, 79, 5.70%, 0, 0, 6, 4611.04
1658213175, 0, 763, 935, 675, 78, 5.70%, 0, 0, 6, 4586.13
1658213180, 0, 763, 941, 681, 78, 5.70%, 0, 0, 6, 4531.32
1658213185, 0, 764, 944, 683, 78, 5.71%, 0, 0, 6, 4498.41
1658213190, 0, 765, 945, 683, 78, 5.71%, 0, 0, 6, 4544.91
1658213195, 0, 767, 945, 682, 77, 5.71%, 0, 0, 6, 4565.57
1658213200, 0, 771, 946, 681, 76, 5.71%, 0, 0, 6, 4578.88
1658213205, 0, 772, 948, 682, 76, 5.71%, 0, 0, 6, 4547.32
1658213210, 0, 773, 949, 682, 77, 5.71%, 0, 0, 6, 4497.31
1658213215, 0, 777, 950, 681, 76, 5.71%, 0, 0, 6, 4647.56
1658213220, 0, 779, 951, 681, 75, 5.71%, 0, 0, 6, 4741.80
1658213226, 0, 780, 951, 680, 74, 5.71%, 0, 0, 6, 4580.31
1658213231, 0, 782, 951, 678, 72, 5.71%, 0, 0, 6, 4476.97
1658213236, 0, 783, 954, 680, 73, 5.74%, 0, 0, 6, 4409.02
1658213241, 0, 784, 954, 679, 73, 5.74%, 0, 0, 6, 4478.78
1658213246, 0, 789, 954, 677, 71, 5.74%, 0, 0, 6, 4497.99
1658213251, 0, 793, 954, 676, 70, 5.74%, 0, 0, 6, 4510.52
1658213257, 0, 803, 955, 675, 68, 5.74%, 0, 0, 6, 4526.08
1658213262, 0, 806, 955, 674, 67, 5.74%, 0, 0, 6, 4525.12
1658213267, 0, 809, 958, 676, 66, 5.76%, 0, 0, 7, 4191.20
1658213272, 0, 810, 961, 678, 68, 5.78%, 0, 0, 7, 3810.10
1658213277, 0, 816, 965, 681, 69, 5.81%, 0, 0, 7, 4116.33
1658213282, 0, 817, 965, 680, 70, 5.81%, 0, 0, 7, 4427.82
1658213292, 0, 819, 965, 679, 69, 5.81%, 0, 0, 7, 4328.10
1658213297, 0, 822, 965, 677, 67, 5.81%, 0, 0, 7, 4464.05
1658213307, 0, 823, 965, 676, 66, 5.81%, 0, 0, 7, 3955.92
1658213312, 0, 825, 967, 677, 66, 5.85%, 0, 0, 7, 4080.61
1658213322, 0, 834, 967, 675, 65, 5.85%, 0, 0, 7, 4507.83
1658213343, 0, 841, 967, 674, 64, 5.85%, 0, 0, 7, 3978.02
1658213348, 0, 842, 969, 675, 63, 5.85%, 0, 0, 7, 3984.07
1658213358, 0, 845, 969, 674, 61, 5.85%, 0, 0, 7, 4084.37
1658213363, 0, 848, 972, 676, 61, 5.85%, 0, 0, 7, 4288.42
1658213368, 0, 848, 973, 677, 61, 5.85%, 0, 0, 7, 4481.11
1658213383, 0, 850, 973, 676, 60, 5.85%, 0, 0, 7, 4484.02
1658213398, 0, 852, 974, 676, 59, 5.85%, 0, 0, 7, 4421.01
1658213414, 0, 853, 974, 675, 58, 5.85%, 0, 0, 7, 4417.39
1658213434, 0, 855, 976, 676, 57, 5.85%, 0, 0, 7, 4350.93
1658213449, 0, 857, 976, 675, 57, 5.85%, 0, 0, 7, 4367.53
1658213465, 0, 860, 977, 675, 56, 5.85%, 0, 0, 7, 4445.85
1658213485, 0, 861, 979, 676, 55, 5.85%, 0, 0, 7, 4475.00
1658213495, 0, 864, 980, 676, 56, 5.85%, 0, 0, 7, 4385.85
1658213516, 0, 867, 982, 677, 56, 5.85%, 0, 0, 7, 4392.98
1658213531, 0, 870, 983, 677, 55, 5.85%, 0, 0, 7, 4438.94
1658213546, 0, 871, 985, 678, 54, 5.85%, 0, 0, 7, 4500.52
1658213561, 0, 873, 986, 678, 54, 5.85%, 0, 0, 7, 4485.25
1658213576, 0, 876, 988, 679, 54, 5.85%, 0, 0, 7, 4533.06
1658213592, 0, 880, 989, 679, 53, 5.85%, 0, 0, 7, 4461.13
1658213607, 0, 881, 995, 684, 53, 5.85%, 0, 0, 7, 4222.53
1658213612, 0, 881, 997, 686, 53, 5.85%, 0, 0, 7, 4170.82
1658213617, 0, 881, 998, 687, 53, 5.85%, 0, 0, 7, 4194.09
1658213622, 0, 881, 999, 688, 53, 5.85%, 0, 0, 7, 4184.35
1658213627, 0, 887, 1000, 688, 53, 5.85%, 0, 0, 7, 4300.90
1658213642, 0, 890, 1000, 687, 52, 5.85%, 0, 0, 7, 4299.02
1658213658, 0, 893, 1003, 689, 52, 5.85%, 0, 0, 7, 4237.06
1658213663, 0, 893, 1004, 690, 52, 5.85%, 0, 0, 7, 4248.04
1658213673, 0, 894, 1004, 689, 53, 5.85%, 0, 0, 7, 4203.52
1658213693, 0, 902, 1008, 692, 52, 5.88%, 0, 0, 7, 4349.32
1658213698, 0, 904, 1011, 694, 54, 5.88%, 0, 0, 7, 4336.33
1658213703, 0, 904, 1012, 695, 54, 5.88%, 0, 0, 7, 4040.44
1658213708, 0, 906, 1013, 695, 56, 5.88%, 0, 0, 7, 4206.88
1658213719, 0, 908, 1033, 714, 55, 5.95%, 0, 0, 7, 4392.98
1658213724, 0, 909, 1042, 722, 75, 5.99%, 0, 0, 7, 4379.67
1658213729, 0, 909, 1044, 724, 75, 6.00%, 0, 0, 7, 4369.38
1658213734, 0, 910, 1050, 729, 79, 6.02%, 0, 0, 7, 4373.94
1658213739, 0, 921, 1051, 729, 84, 6.02%, 0, 0, 7, 4460.27
1658213744, 0, 922, 1052, 729, 84, 6.02%, 0, 0, 7, 4705.08
1658213749, 0, 924, 1052, 728, 83, 6.02%, 0, 0, 7, 4835.23
1658213754, 0, 925, 1052, 727, 83, 6.02%, 0, 0, 7, 4886.58
1658213760, 0, 929, 1052, 725, 81, 6.02%, 0, 0, 7, 4714.48
1658213765, 0, 929, 1055, 728, 81, 6.02%, 0, 0, 7, 4436.42
1658213770, 0, 929, 1058, 731, 81, 6.02%, 0, 0, 7, 4334.49
1658213775, 0, 941, 1058, 728, 81, 6.02%, 0, 0, 7, 4340.50
1658213780, 0, 943, 1058, 727, 80, 6.02%, 0, 0, 7, 4466.08
1658213785, 0, 944, 1059, 727, 80, 6.02%, 0, 0, 7, 4537.14
1658213790, 0, 946, 1060, 726, 78, 6.02%, 0, 0, 7, 4571.60
1658213795, 0, 947, 1061, 726, 77, 6.02%, 0, 0, 7, 4593.45
1658213800, 0, 948, 1062, 726, 76, 6.02%, 0, 0, 7, 4482.30
1658213805, 0, 949, 1062, 725, 75, 6.02%, 0, 0, 7, 4600.26
1658213810, 0, 951, 1063, 725, 74, 6.03%, 0, 0, 7, 4395.19
1658213816, 0, 953, 1064, 724, 74, 6.03%, 0, 0, 7, 4311.94
1658213821, 0, 957, 1065, 724, 73, 6.03%, 0, 0, 8, 4087.42
1658213826, 0, 957, 1070, 729, 73, 6.05%, 0, 0, 8, 3977.75
1658213831, 0, 957, 1072, 731, 73, 6.05%, 0, 0, 8, 4131.62
1658213836, 0, 961, 1080, 737, 77, 6.09%, 0, 0, 8, 4373.52
1658213841, 0, 961, 1086, 743, 77, 6.11%, 0, 0, 8, 3862.61
1658213846, 0, 964, 1088, 743, 85, 6.13%, 0, 0, 8, 3766.58
1658213851, 0, 965, 1089, 743, 84, 6.13%, 0, 0, 8, 4449.55
1658213862, 0, 966, 1091, 744, 83, 6.14%, 0, 0, 8, 4314.09
1658213867, 0, 968, 1094, 746, 84, 6.14%, 0, 0, 8, 4234.24
1658213877, 0, 969, 1094, 745, 83, 6.14%, 0, 0, 8, 4129.73
1658213882, 0, 974, 1097, 747, 82, 6.14%, 0, 0, 8, 4278.21
1658213897, 0, 977, 1097, 746, 81, 6.14%, 0, 0, 8, 4404.21
1658213913, 0, 978, 1097, 745, 80, 6.14%, 0, 0, 8, 4368.20
1658213928, 0, 979, 1101, 748, 79, 6.14%, 0, 0, 8, 4273.36
1658213938, 0, 979, 1102, 749, 79, 6.14%, 0, 0, 8, 4229.60
1658213943, 0, 983, 1102, 748, 78, 6.14%, 0, 0, 8, 4283.90
1658213964, 0, 984, 1102, 747, 77, 6.14%, 0, 0, 8, 4493.84
1658213979, 0, 986, 1103, 747, 76, 6.14%, 0, 0, 8, 4523.01
1658213994, 0, 989, 1107, 750, 75, 6.14%, 0, 0, 8, 4458.61
1658213999, 0, 989, 1110, 753, 75, 6.15%, 0, 0, 8, 4262.39
1658214015, 0, 1000, 1110, 752, 75, 6.15%, 0, 0, 8, 4285.46
1658214030, 0, 1001, 1120, 761, 74, 6.18%, 0, 0, 8, 4229.24
1658214045, 0, 1002, 1121, 761, 80, 6.18%, 0, 0, 8, 4238.70
1658214065, 0, 1003, 1121, 760, 79, 6.18%, 0, 0, 8, 4194.29
1658214075, 0, 1003, 1122, 761, 79, 6.18%, 0, 0, 8, 4199.56
1658214080, 0, 1004, 1124, 762, 78, 6.18%, 0, 0, 8, 4379.25
1658214085, 0, 1005, 1124, 761, 77, 6.18%, 0, 0, 8, 4406.71
1658214090, 0, 1005, 1125, 762, 77, 6.19%, 0, 0, 8, 4405.10
1658214095, 0, 1008, 1126, 762, 77, 6.19%, 0, 0, 8, 4412.54
1658214101, 0, 1009, 1127, 762, 76, 6.19%, 0, 0, 8, 4310.91
1658214111, 0, 1012, 1127, 761, 75, 6.19%, 0, 0, 8, 4223.79
1658214121, 0, 1014, 1129, 762, 74, 6.19%, 0, 0, 8, 4379.33
1658214126, 0, 1015, 1132, 764, 75, 6.20%, 0, 0, 8, 4383.06
1658214136, 0, 1016, 1133, 764, 77, 6.20%, 0, 0, 8, 4385.65
1658214141, 0, 1017, 1135, 765, 77, 6.21%, 0, 0, 8, 4391.39
1658214151, 0, 1018, 1145, 774, 77, 6.25%, 0, 0, 8, 4391.97
1658214156, 0, 1019, 1146, 774, 86, 6.26%, 0, 0, 8, 4383.54
1658214166, 0, 1020, 1147, 774, 86, 6.26%, 0, 0, 8, 4390.90
1658214171, 0, 1021, 1148, 774, 85, 6.26%, 0, 0, 8, 4397.23
1658214181, 0, 1022, 1150, 775, 85, 6.26%, 0, 0, 8, 4405.42
1658214187, 0, 1023, 1152, 776, 85, 6.26%, 0, 0, 8, 4397.03
1658214197, 0, 1024, 1154, 777, 85, 6.26%, 0, 0, 8, 4389.35
1658214202, 0, 1025, 1154, 776, 85, 6.26%, 0, 0, 8, 4390.55
1658214212, 0, 1026, 1155, 776, 84, 6.26%, 0, 0, 8, 4396.63
1658214217, 0, 1027, 1156, 776, 84, 6.26%, 0, 0, 8, 4379.14
1658214227, 0, 1028, 1157, 776, 84, 6.26%, 0, 0, 8, 4385.13
1658214232, 0, 1029, 1158, 776, 83, 6.26%, 0, 0, 8, 4393.08
1658214242, 0, 1030, 1159, 776, 83, 6.26%, 0, 0, 8, 4404.04
1658214247, 0, 1031, 1160, 776, 83, 6.26%, 0, 0, 8, 4377.31
1658214257, 0, 1032, 1161, 776, 83, 6.26%, 0, 0, 8, 4401.73
1658214263, 0, 1033, 1163, 777, 82, 6.27%, 0, 0, 8, 4393.32
1658214273, 0, 1035, 1165, 778, 83, 6.27%, 0, 0, 8, 4396.33
1658214278, 0, 1038, 1166, 778, 83, 6.27%, 0, 0, 8, 4365.88
1658214288, 0, 1039, 1167, 778, 83, 6.27%, 0, 0, 8, 4395.19
1658214293, 0, 1040, 1168, 778, 82, 6.27%, 0, 0, 8, 4394.65
1658214303, 0, 1041, 1169, 778, 81, 6.27%, 0, 0, 8, 4410.80
1658214313, 0, 1042, 1171, 779, 81, 6.27%, 0, 0, 8, 4388.27
1658214318, 0, 1044, 1176, 783, 81, 6.27%, 0, 0, 8, 4404.73
1658214328, 0, 1046, 1176, 782, 80, 6.27%, 0, 0, 8, 4401.31
1658214333, 0, 1050, 1176, 781, 79, 6.27%, 0, 0, 8, 4440.92
1658214339, 0, 1053, 1176, 780, 78, 6.27%, 0, 0, 8, 4324.76
1658214344, 0, 1053, 1182, 786, 78, 6.27%, 0, 0, 8, 4250.40
