# unix_time, cycles_done, cur_path, paths_total, pending_total, pending_favs, map_size, unique_crashes, unique_hangs, max_depth, execs_per_sec
1658274608, 0, 0, 1, 1, 1, 1.87%, 0, 0, 1, 1904.76
1658274613, 0, 0, 135, 135, 1, 3.09%, 0, 0, 2, 3913.77
1658274618, 0, 0, 139, 139, 1, 3.10%, 0, 0, 2, 4331.49
1658274623, 0, 0, 153, 153, 1, 3.12%, 0, 0, 2, 4437.40
1658274629, 0, 0, 245, 245, 1, 3.33%, 0, 0, 2, 4476.36
1658274634, 0, 3, 260, 259, 89, 3.37%, 0, 0, 2, 4575.58
1658274639, 0, 8, 260, 257, 87, 3.37%, 0, 0, 2, 4560.10
1658274654, 0, 8, 272, 269, 87, 3.38%, 0, 0, 3, 4508.81
1658274659, 0, 23, 288, 284, 96, 3.41%, 0, 0, 3, 4531.98
1658274669, 0, 26, 290, 285, 96, 3.41%, 0, 0, 3, 4515.41
1658274679, 0, 26, 292, 287, 96, 3.41%, 0, 0, 3, 4500.60
1658274684, 0, 26, 307, 302, 96, 3.47%, 0, 0, 3, 4544.45
1658274689, 0, 32, 310, 304, 99, 3.47%, 0, 0, 3, 4495.55
1658274700, 0, 32, 311, 305, 99, 3.47%, 0, 0, 3, 4452.27
1658274705, 0, 38, 311, 304, 99, 3.47%, 0, 0, 3, 4451.69
1658274715, 0, 42, 311, 303, 98, 3.47%, 0, 0, 3, 4453.61
1658274720, 0, 42, 312, 304, 98, 3.47%, 0, 0, 3, 4453.24
1658274730, 0, 42, 316, 308, 98, 3.50%, 0, 0, 3, 4475.02
1658274736, 0, 42, 320, 312, 98, 3.50%, 0, 0, 3, 4538.73
1658274741, 0, 53, 324, 315, 97, 3.52%, 0, 0, 3, 4492.16
1658274751, 0, 54, 330, 320, 98, 3.53%, 0, 0, 3, 4467.59
1658274766, 0, 54, 338, 328, 98, 3.60%, 0, 0, 3, 4516.35
1658274771, 0, 55, 343, 332, 103, 3.60%, 0, 0, 3, 4519.81
1658274776, 0, 55, 346, 335, 103, 3.60%, 0, 0, 3, 4557.86
1658274786, 0, 56, 349, 337, 102, 3.60%, 0, 0, 3, 4488.59
