# unix_time, cycles_done, cur_path, paths_total, pending_total, pending_favs, map_size, unique_crashes, unique_hangs, max_depth, execs_per_sec
1658271715, 0, 0, 1, 1, 1, 1.87%, 0, 0, 1, 1818.18
1658271720, 0, 0, 132, 132, 1, 3.09%, 0, 0, 2, 3825.20
1658271725, 0, 0, 136, 136, 1, 3.10%, 0, 0, 2, 4236.77
1658271731, 0, 0, 150, 150, 1, 3.12%, 0, 0, 2, 4356.85
1658271736, 0, 0, 237, 237, 1, 3.45%, 0, 0, 2, 4380.47
1658271741, 0, 3, 266, 265, 94, 3.47%, 0, 0, 2, 4481.45
1658271746, 0, 8, 267, 264, 93, 3.47%, 0, 0, 3, 4541.00
1658271761, 0, 11, 267, 263, 92, 3.47%, 0, 0, 3, 4349.10
1658271776, 0, 11, 273, 269, 92, 3.47%, 0, 0, 3, 4454.68
1658271782, 0, 13, 284, 279, 92, 3.52%, 0, 0, 3, 4429.17
1658271787, 0, 13, 286, 281, 92, 3.52%, 0, 0, 3, 4398.49
