# unix_time, cycles_done, cur_path, paths_total, pending_total, pending_favs, map_size, unique_crashes, unique_hangs, max_depth, execs_per_sec
1658275898, 0, 0, 1, 1, 1, 1.87%, 0, 0, 1, 1818.18
1658275903, 0, 0, 134, 134, 1, 3.09%, 0, 0, 2, 3793.37
1658275908, 0, 0, 139, 139, 1, 3.10%, 0, 0, 2, 4266.88
1658275913, 0, 0, 153, 153, 1, 3.12%, 0, 0, 2, 4345.29
1658275918, 0, 0, 241, 241, 1, 3.35%, 0, 0, 2, 4392.68
1658275924, 0, 3, 277, 276, 91, 3.44%, 0, 0, 2, 4470.94
1658275929, 0, 8, 277, 274, 89, 3.44%, 0, 0, 2, 4475.91
1658275944, 0, 11, 277, 273, 88, 3.44%, 0, 0, 2, 4370.20
1658275959, 0, 11, 281, 277, 88, 3.44%, 0, 0, 3, 4451.20
1658275964, 0, 13, 295, 290, 87, 3.51%, 0, 0, 3, 4449.20
1658275969, 0, 13, 297, 292, 87, 3.51%, 0, 0, 3, 4439.23
1658275979, 0, 18, 298, 292, 87, 3.53%, 0, 0, 3, 4593.11
1658275984, 0, 20, 301, 294, 86, 3.54%, 0, 0, 3, 4526.84
1658275990, 0, 28, 303, 295, 83, 3.54%, 0, 0, 3, 4542.22
1658275995, 0, 38, 304, 295, 82, 3.54%, 0, 0, 3, 4482.83
1658276010, 0, 41, 306, 296, 81, 3.54%, 0, 0, 3, 4417.05
1658276015, 0, 41, 307, 297, 81, 3.54%, 0, 0, 3, 4419.05
1658276025, 0, 44, 311, 300, 80, 3.54%, 0, 0, 3, 4383.23
1658276030, 0, 44, 314, 303, 80, 3.54%, 0, 0, 3, 4363.99
1658276041, 0, 45, 314, 302, 79, 3.54%, 0, 0, 3, 4392.00
1658276046, 0, 45, 315, 303, 79, 3.54%, 0, 0, 3, 4400.76
1658276056, 0, 47, 316, 303, 80, 3.54%, 0, 0, 3, 4356.52
1658276066, 0, 53, 322, 308, 80, 3.56%, 0, 0, 3, 4381.17
1658276076, 0, 54, 325, 310, 82, 3.57%, 0, 0, 3, 4457.09
1658276092, 0, 55, 331, 315, 83, 3.59%, 0, 0, 3, 4392.58
1658276107, 0, 62, 332, 315, 85, 3.59%, 0, 0, 3, 4402.43
1658276117, 0, 64, 334, 316, 85, 3.59%, 0, 0, 3, 4394.73
1658276122, 0, 64, 336, 318, 85, 3.60%, 0, 0, 3, 4393.08
1658276132, 0, 85, 339, 320, 86, 3.60%, 0, 0, 3, 4424.11
1658276147, 0, 99, 340, 320, 86, 3.61%, 0, 0, 3, 4396.75
1658276162, 0, 108, 348, 327, 86, 3.64%, 0, 0, 3, 4388.50
1658276168, 0, 108, 349, 328, 86, 3.65%, 0, 0, 3, 4388.40
1658276178, 0, 108, 355, 334, 86, 3.66%, 0, 0, 3, 4445.10
1658276183, 0, 108, 360, 339, 86, 3.66%, 0, 0, 3, 4491.60
1658276188, 0, 109, 362, 340, 96, 3.69%, 0, 0, 3, 4463.66
1658276198, 0, 121, 379, 355, 97, 3.71%, 0, 0, 3, 4449.11
1658276208, 0, 121, 380, 356, 97, 3.72%, 0, 0, 3, 4356.87
1658276213, 0, 122, 382, 357, 101, 3.72%, 0, 0, 3, 4336.06
1658276229, 0, 126, 383, 357, 101, 3.72%, 0, 0, 3, 4547.21
1658276234, 0, 127, 385, 358, 100, 3.72%, 0, 0, 3, 4530.49
1658276249, 0, 128, 386, 358, 99, 3.72%, 0, 0, 3, 4401.88
1658276254, 0, 128, 387, 359, 99, 3.72%, 0, 0, 3, 4471.03
1658276259, 0, 129, 388, 359, 100, 3.72%, 0, 0, 3, 4441.20
1658276264, 0, 129, 392, 363, 100, 3.73%, 0, 0, 3, 4400.52
1658276275, 0, 130, 395, 365, 102, 3.73%, 0, 0, 3, 4385.78
1658276280, 0, 130, 397, 367, 102, 3.73%, 0, 0, 3, 4458.99
1658276290, 0, 132, 398, 367, 102, 3.73%, 0, 0, 3, 4448.17
1658276295, 0, 132, 399, 368, 102, 3.74%, 0, 0, 3, 4481.06
1658276305, 0, 133, 400, 368, 102, 3.74%, 0, 0, 3, 4456.69
1658276315, 0, 137, 400, 367, 101, 3.74%, 0, 0, 3, 4478.43
1658276320, 0, 137, 401, 368, 101, 3.75%, 0, 0, 3, 4513.71
1658276325, 0, 139, 402, 368, 101, 3.75%, 0, 0, 3, 4491.60
1658276335, 0, 152, 403, 367, 100, 3.76%, 0, 0, 3, 4486.19
1658276351, 0, 155, 405, 368, 100, 3.76%, 0, 0, 3, 4260.11
1658276366, 0, 157, 406, 368, 100, 3.76%, 0, 0, 3, 4181.48
1658276376, 0, 159, 406, 367, 99, 3.76%, 0, 0, 3, 4312.70
1658276382, 0, 159, 407, 368, 99, 3.76%, 0, 0, 3, 4388.41
1658276387, 0, 159, 408, 369, 99, 3.76%, 0, 0, 3, 4410.80
1658276392, 0, 160, 409, 369, 99, 3.76%, 0, 0, 3, 4403.50
1658276407, 0, 169, 410, 369, 98, 3.76%, 0, 0, 3, 4419.22
1658276422, 0, 173, 412, 370, 97, 3.77%, 0, 0, 3, 4276.03
1658276432, 0, 174, 413, 370, 97, 3.77%, 0, 0, 3, 4445.52
1658276437, 0, 176, 415, 370, 97, 3.77%, 0, 0, 3, 4660.22
1658276442, 0, 186, 416, 369, 95, 3.80%, 0, 0, 3, 4616.16
1658276447, 0, 187, 416, 368, 94, 3.80%, 0, 0, 3, 4640.43
1658276452, 0, 195, 417, 367, 92, 3.80%, 0, 0, 3, 4513.60
1658276458, 0, 198, 424, 373, 92, 3.81%, 0, 0, 3, 4511.53
1658276463, 0, 198, 425, 374, 92, 3.81%, 0, 0, 3, 4524.98
1658276473, 0, 206, 428, 375, 93, 3.81%, 0, 0, 3, 4642.56
1658276478, 0, 225, 430, 375, 93, 3.82%, 0, 0, 3, 4690.61
1658276488, 0, 232, 431, 375, 92, 3.82%, 0, 0, 3, 4607.11
1658276493, 0, 233, 439, 382, 91, 3.86%, 0, 0, 3, 4092.97
1658276498, 0, 233, 448, 391, 91, 3.88%, 0, 0, 3, 4281.75
1658276503, 0, 235, 451, 393, 97, 3.88%, 0, 0, 3, 4450.68
1658276508, 0, 244, 453, 393, 97, 3.89%, 0, 0, 3, 4320.69
1658276513, 0, 246, 454, 393, 94, 3.89%, 0, 0, 3, 4292.59
1658276529, 0, 250, 454, 392, 93, 3.89%, 0, 0, 3, 4439.88
1658276539, 0, 252, 454, 391, 92, 3.89%, 0, 0, 3, 4467.67
1658276549, 0, 260, 456, 391, 91, 3.89%, 0, 0, 3, 4507.52
1658276554, 0, 265, 458, 392, 90, 3.93%, 0, 0, 3, 4632.11
1658276559, 0, 272, 461, 392, 89, 3.93%, 0, 0, 3, 4493.17
1658276569, 0, 276, 463, 393, 91, 3.98%, 0, 0, 3, 4305.94
1658276575, 0, 276, 470, 400, 91, 4.00%, 0, 0, 3, 4545.17
1658276580, 0, 279, 476, 405, 94, 4.00%, 0, 0, 4, 4482.71
1658276590, 0, 282, 477, 405, 94, 4.00%, 0, 0, 4, 4375.60
1658276600, 0, 284, 478, 405, 93, 4.00%, 0, 0, 4, 4389.72
1658276605, 0, 285, 489, 415, 94, 4.08%, 0, 0, 4, 4222.00
1658276610, 0, 285, 511, 437, 94, 4.17%, 0, 0, 4, 4135.38
1658276615, 0, 295, 514, 438, 98, 4.18%, 0, 0, 4, 4408.94
1658276620, 0, 297, 515, 438, 97, 4.18%, 0, 0, 4, 4349.93
1658276626, 0, 297, 516, 439, 97, 4.18%, 0, 0, 4, 4155.95
1658276631, 0, 301, 524, 445, 97, 4.19%, 0, 0, 4, 4434.02
1658276641, 0, 310, 525, 445, 97, 4.19%, 0, 0, 4, 4448.81
1658276656, 0, 311, 526, 445, 97, 4.19%, 0, 0, 4, 4378.85
1658276661, 0, 311, 527, 446, 97, 4.19%, 0, 0, 4, 4398.01
1658276671, 0, 314, 528, 446, 97, 4.19%, 0, 0, 4, 4398.33
1658276686, 0, 317, 529, 446, 97, 4.19%, 0, 0, 4, 4378.19
1658276696, 0, 319, 530, 446, 96, 4.19%, 0, 0, 4, 4455.77
1658276707, 0, 322, 531, 446, 95, 4.19%, 0, 0, 4, 4517.25
1658276722, 0, 326, 532, 446, 94, 4.19%, 0, 0, 4, 4503.83
1658276732, 0, 327, 532, 445, 94, 4.19%, 0, 0, 4, 4496.48
1658276737, 0, 327, 533, 446, 94, 4.19%, 0, 0, 4, 4477.24
1658276747, 0, 329, 537, 449, 94, 4.19%, 0, 0, 4, 4398.94
1658276752, 0, 329, 539, 451, 94, 4.19%, 0, 0, 4, 4390.90
1658276762, 0, 332, 545, 456, 97, 4.19%, 0, 0, 4, 4193.90
1658276767, 0, 333, 547, 457, 97, 4.19%, 0, 0, 4, 4388.45
1658276783, 0, 339, 551, 459, 98, 4.24%, 0, 0, 4, 4523.13
1658276798, 0, 340, 553, 460, 97, 4.24%, 0, 0, 4, 4448.07
1658276813, 0, 346, 553, 459, 96, 4.24%, 0, 0, 4, 4449.13
1658276828, 0, 348, 554, 459, 95, 4.24%, 0, 0, 4, 4397.44
1658276844, 0, 349, 555, 459, 95, 4.24%, 0, 0, 4, 4311.11
1658276859, 0, 359, 558, 460, 94, 4.24%, 0, 0, 4, 4497.32
1658276874, 0, 360, 559, 460, 93, 4.24%, 0, 0, 4, 4515.03
1658276884, 0, 365, 560, 460, 92, 4.24%, 0, 0, 4, 4412.53
1658276900, 0, 375, 560, 459, 92, 4.24%, 0, 0, 4, 4327.28
1658276915, 0, 377, 561, 459, 91, 4.24%, 0, 0, 4, 4302.49
1658276931, 0, 378, 562, 459, 90, 4.24%, 0, 0, 4, 4305.33
1658276936, 0, 378, 563, 460, 90, 4.24%, 0, 0, 4, 4375.53
1658276946, 0, 380, 563, 459, 90, 4.24%, 0, 0, 4, 4311.41
1658276956, 0, 381, 566, 461, 89, 4.24%, 0, 0, 4, 4182.50
1658276961, 0, 381, 567, 462, 89, 4.24%, 0, 0, 4, 4006.19
1658276966, 0, 383, 567, 461, 90, 4.24%, 0, 0, 4, 4358.66
1658276982, 0, 385, 576, 469, 89, 4.27%, 0, 0, 4, 4423.18
1658276987, 0, 385, 577, 470, 89, 4.27%, 0, 0, 4, 4395.92
1658276997, 0, 387, 579, 471, 93, 4.27%, 0, 0, 4, 4471.38
1658277012, 0, 389, 581, 472, 92, 4.27%, 0, 0, 4, 4477.10
1658277022, 0, 393, 581, 471, 93, 4.27%, 0, 0, 4, 4459.72
1658277038, 0, 398, 583, 472, 93, 4.27%, 0, 0, 4, 4567.74
1658277053, 0, 400, 584, 472, 93, 4.27%, 0, 0, 4, 4541.34
1658277058, 0, 402, 584, 471, 93, 4.27%, 0, 0, 4, 4541.38
1658277063, 0, 403, 585, 471, 92, 4.27%, 0, 0, 4, 4439.07
1658277073, 0, 404, 586, 471, 92, 4.27%, 0, 0, 4, 4414.43
1658277089, 0, 406, 586, 470, 91, 4.27%, 0, 0, 4, 4396.61
1658277104, 0, 410, 586, 469, 90, 4.27%, 0, 0, 4, 4354.41
1658277119, 0, 412, 586, 468, 89, 4.27%, 0, 0, 4, 4484.49
1658277124, 0, 415, 593, 473, 90, 4.33%, 0, 0, 4, 4670.03
1658277130, 0, 422, 603, 482, 92, 4.35%, 0, 0, 4, 4547.71
1658277140, 0, 422, 606, 485, 92, 4.37%, 0, 0, 4, 4390.06
1658277145, 0, 426, 612, 490, 93, 4.37%, 0, 0, 4, 4488.98
1658277150, 0, 428, 617, 493, 91, 4.38%, 0, 0, 4, 4655.12
1658277155, 0, 428, 620, 496, 91, 4.38%, 0, 0, 4, 4595.93
1658277160, 0, 429, 620, 495, 92, 4.38%, 0, 0, 4, 4641.22
1658277170, 0, 431, 620, 494, 91, 4.38%, 0, 0, 4, 4111.12
1658277175, 0, 434, 621, 493, 89, 4.38%, 0, 0, 4, 4282.55
1658277181, 0, 434, 622, 494, 89, 4.38%, 0, 0, 4, 4051.16
1658277186, 0, 436, 622, 493, 88, 4.38%, 0, 0, 4, 3996.27
1658277191, 0, 440, 622, 491, 86, 4.38%, 0, 0, 4, 4367.30
1658277201, 0, 442, 623, 491, 85, 4.38%, 0, 0, 4, 4074.32
1658277206, 0, 443, 624, 491, 84, 4.38%, 0, 0, 4, 4175.00
1658277211, 0, 444, 624, 490, 83, 4.38%, 0, 0, 4, 4260.37
1658277221, 0, 449, 624, 488, 81, 4.38%, 0, 0, 4, 4317.16
1658277226, 0, 451, 624, 487, 80, 4.38%, 0, 0, 4, 4253.84
1658277231, 0, 454, 625, 486, 79, 4.38%, 0, 0, 4, 4567.00
1658277236, 0, 455, 626, 486, 78, 4.39%, 0, 0, 4, 4602.11
1658277241, 0, 456, 638, 497, 78, 4.43%, 0, 0, 4, 4621.09
1658277246, 0, 458, 640, 497, 80, 4.43%, 0, 0, 4, 4611.39
1658277256, 0, 458, 641, 498, 80, 4.43%, 0, 0, 4, 4385.54
1658277261, 0, 464, 641, 496, 79, 4.43%, 0, 0, 4, 4592.12
1658277266, 0, 467, 642, 494, 77, 4.44%, 0, 0, 4, 4611.01
1658277271, 0, 473, 653, 503, 81, 4.56%, 0, 0, 4, 4479.15
1658277287, 0, 476, 653, 502, 80, 4.56%, 0, 0, 4, 4398.85
1658277297, 0, 477, 653, 501, 79, 4.56%, 0, 0, 4, 4339.55
1658277307, 0, 478, 656, 503, 79, 4.57%, 0, 0, 5, 4558.76
1658277312, 0, 479, 657, 503, 79, 4.57%, 0, 0, 5, 4637.39
1658277317, 0, 483, 660, 505, 78, 4.58%, 0, 0, 5, 4465.54
1658277323, 0, 488, 663, 507, 79, 4.58%, 0, 0, 5, 4218.24
1658277328, 0, 493, 668, 511, 81, 4.59%, 0, 0, 5, 4183.70
1658277333, 0, 501, 668, 510, 81, 4.59%, 0, 0, 5, 4267.92
